_	 34553
	 30339
	 30326
	 30326
	 22566
	 22562
	 22562
	 7769
	 7764
	 7764
	 5785
	 5768
	 5768
𐌰	 5768
_	 5209
_	 5209
a	 4841
	 4646
	 4646
	 4646
	 4646
	 4646
𐌰	 4646
	 4646
-	 4158
-_	 4101
_-_	 4093
_-	 4093
_	 3816
	 3739
	 3710
	 3710
𐌹	 3710
i	 3571
	 3375
	 3375
	 3135
	 3135
	 3135
	 3135
𐌹	 3135
	 3135
	 3135
s	 2838
	 2743
	 2716
𐍃	 2716
	 2716
e	 2472
r	 2359
n	 2257
u	 2255
	 2134
	 2124
𐌽	 2124
	 2124
	 2123
	 2123
d	 1821
	 1694
	 1686
	 1675
	 1675
𐌿	 1675
	 1667
	 1667
	 1665
	 1665
	 1665
	 1665
𐌽	 1665
,	 1654
l	 1652
	 1648
𐍂	 1648
	 1648
,_	 1643
o	 1596
	 1543
	 1543
	 1543
𐌿	 1543
	 1543
	 1543
	 1543
	 1514
	 1514
	 1514
	 1514
	 1514
𐍂	 1514
	 1514
t	 1473
_	 1431
𐍃_	 1430
_	 1430
_	 1430
_	 1393
	 1387
	 1380
	 1350
𐌳	 1350
	 1350
	 1336
	 1336
	 1274
	 1271
	 1271
	 1257
	 1255
𐌸	 1246
	 1246
	 1246
	 1212
	 1208
	 1208
	 1208
	 1208
𐌳	 1208
	 1208
	 1208
	 1196
𐌴	 1196
	 1196
𐍃	 1187
	 1187
	 1187
	 1187
	 1187
	 1187
	 1187
	 1055
	 1055
	 1055
	 1055
𐌴	 1055
	 1055
	 1055
𐌸	 1047
	 1047
	 1047
	 1047
	 1047
	 1047
	 1047
	 1022
	 1022
h	 1021
	 1015
	 1012
	 1012
_	 1007
	 1006
	 1006
𐌰_	 1004
_	 1004
_	 1004
	 988
𐌼	 986
	 986
	 986
m	 983
𐍄	 970
	 970
	 970
	 960
.	 948
A	 946
	 923
𐌻	 896
	 896
	 896
	 893
	 893
s_	 868
._	 862
	 850
𐌻	 850
	 850
	 850
	 850
	 850
	 850
𐌽	 824
	 815
	 804
𐍉	 804
	 804
	 781
	 780
	 780
	 780
	 780
	 780
	 780
𐍄	 780
	 778
;	 774
	 769
	 769
𐍅	 769
;_	 762
𐌲	 759
	 759
	 759
	 758
	 758
	 756
	 756
	 755
𐌾	 755
	 755
	 755
	 755
	 755
	 755
	 755
𐍅	 755
	 755
us	 748
	 745
	 745
	 745
	 745
𐌾	 745
	 744
	 744
	 744
	 744
𐌼	 744
	 744
	 744
	 743
	 732
	 732
)	 722
(	 717
_(	 715
	 710
	 710
𐌲	 709
	 709
	 709
	 709
	 709
	 709
	 709
	 689
	 689
_𐌹	 689
𐌷	 689
	 684
	 684
𐍃	 680
	 679
𐌹	 676
)_	 671
_A	 669
_𐌰	 668
	 661
	 652
an	 651
	 647
	 647
	 639
	 639
	 639
𐍉	 639
	 639
	 639
	 639
	 638
	 638
	 631
	 631
𐌺	 631
g	 619
𐌰	 615
er	 603
	 600
	 600
	 600
	 600
	 600
𐌺	 600
	 600
𐌽	 598
a_	 592
	 584
_𐌸	 581
	 579
𐍆	 579
	 579
b	 574
þ	 567
ar	 542
c	 540
	 540
	 540
	 536
	 534
	 534
	 532
	 532
	 521
	 521
is	 518
in	 512
ri	 507
	 504
	 504
𐌱	 504
	 500
	 500
	 500
𐌷	 500
	 500
_	 488
	 487
	 487
	 487
	 487
	 487
	 487
𐌱	 487
	 485
	 485
	 485
	 485
	 485
𐍆	 485
	 485
_	 480
_	 480
𐌹_	 480
	 478
𐌹	 473
𐌿	 471
𐍂	 469
𐌰	 468
_.	 460
𐌰	 460
ra	 453
	 448
_._	 439
f	 433
_	 430
_	 428
𐌽_	 428
_	 428
𐌰	 426
	 421
	 421
_,	 420
_𐍅	 418
w	 417
	 417
	 417
𐌰	 412
da	 412
	 410
	 410
_,_	 409
nd	 404
s,_	 402
s,	 402
	 400
al	 395
_𐍃	 390
ai	 388
(_	 387
_(_	 387
G	 386
j	 384
𐌰	 383
	 378
k	 365
_G	 359
la	 358
st	 354
𐌰	 351
S	 349
us,	 346
us,_	 346
T	 343
𐍄	 339
𐌹	 335
	 333
	 333
na	 333
𐌼	 330
𐍃	 325
I	 322
𐌰	 316
ei	 308
𐌿	 308
	 306
	 306
de	 306
p	 303
