	 157825
_	 152259
	 78781
	 63350
	 59245
	 58880
	 52019
	 47442
	 42262
	 39715
	 37259
	 37047
	 36798
	 36040
	 34132
	 32396
	 32290
	 31973
	 30367
	 29228
	 26667
	 22813
	 22588
	 22494
	 22269
	 22246
	 22129
嗰	 22127
_	 20762
	 20527
	 20304
	 19313
	 18832
	 18663
	 18601
	 18150
	 17866
，	 17864
	 17802
	 17025
	 16306
	 15548
	 15100
	 15046
	 14998
	 14604
	 14570
	 14567
	 14484
	 14017
	 13746
	 13703
	 13233
	 13147
。	 13147
	 13078
	 13040
	 12985
	 12177
	 11892
	 11708
	 11681
	 11606
	 11606
	 11434
	 11378
、	 11362
	 11181
	 10843
	 10745
	 10657
	 10319
	 10047
	 9994
	 9989
	 9854
	 9454
	 9405
	 9329
	 9321
	 9165
	 8916
	 8812
	 8801
	 8509
	 8426
係	 8418
	 8142
	 8044
	 7944
e	 7835
到	 7798
	 7629
年	 7628
	 7418
_	 7349
	 7254
人	 7249
	 7247
	 7234
	 7033
a	 6949
_	 6873
	 6866
	 6796
n	 6794
_	 6687
	 6670
_	 6658
。_	 6658
_	 6631
	 6390
	 6383
嗰	 6382
	 6350
嗰	 6290
	 6290
	 6223
i	 6163
	 5979
	 5975
	 5967
	 5948
	 5723
	 5575
	 5565
	 5554
	 5554
	 5526
	 5499
	 5447
大	 5428
	 5423
	 5319
）	 5316
（	 5311
o	 5304
	 5257
	 5201
	 5193
	 5192
一	 5192
	 5054
	 4929
t	 4854
出	 4825
s	 4797
	 4726
	 4690
箇	 4635
	 4626
	 4607
，	 4606
r	 4544
,	 4459
_	 4432
	 4419
,_	 4411
	 4367
	 4328
	 4323
	 4243
	 4243
世	 4209
_	 4195
	 4148
	 4121
	 4077
	 4077
	 4039
	 4009
_	 3983
，	 3946
	 3946
隻	 3898
	 3898
嗰	 3884
	 3884
	 3844
_,	 3835
_,_	 3827
	 3798
人	 3797
人	 3770
佢	 3769
_	 3739
到	 3723
	 3723
_	 3694
	 3595
	 3569
箇	 3550
	 3517
	 3514
	 3483
到	 3482
箇	 3477
_到	 3463
	 3459
箇	 3459
_	 3453
人_	 3453
年	 3413
箇	 3397
	 3397
_到	 3391
_	 3389
年	 3385
箇	 3376
人_	 3374
	 3371
h	 3339
	 3334
	 3320
	 3267
_	 3231
l	 3211
	 3165
	 3140
事	 3138
	 3134
	 3126
，	 3126
	 3116
_	 3088
_年	 3087
	 3050
	 3031
月	 3021
	 3018
	 3010
	 2981
係	 2980
	 2969
	 2965
：	 2936
u	 2928
	 2911
	 2911
	 2895
	 2874
嗰	 2873
	 2872
過	 2872
	 2821
	 2813
	 2781
	 2775
	 2773
	 2758
	 2728
	 2723
	 2719
	 2718
	 2718
	 2717
出	 2717
大	 2709
	 2709
	 2706
	 2700
	 2689
	 2682
國	 2670
	 2661
西	 2639
_	 2628
事_	 2626
	 2618
	 2610
世	 2604
	 2603
出	 2601
	 2600
世	 2583
	 2571
	 2562
	 2559
江	 2543
	 2543
	 2526
	 2522
	 2494
	 2490
嗰	 2489
	 2489
	 2483
	 2482
大	 2476
	 2474
」	 2463
「	 2463
	 2458
	 2458
	 2453
	 2441
_	 2437
	 2437
有	 2428
	 2419
大	 2411
	 2410
	 2408
	 2406
	 2398
得	 2389
節	 2374
.	 2368
、	 2365
	 2364
	 2354
	 2353
	 2350
_	 2348
月_	 2346
	 2333
大	 2333
d	 2331
事	 2313
事	 2312
事_	 2306
大	 2306
	 2301
	 2300
	 2291
俗	 2290
_	 2278
	 2273
）_	 2266
c	 2258
	 2252
節	 2249
_	 2246
_節	 2230
_節	 2227
	 2224
	 2221
	 2218
_	 2217
	 2215
	 2212
一	 2212
年	 2205
	 2205
	 2204
	 2191
	 2170
	 2154
	 2151
_	 2149
	 2147
	 2145
	 2142
	 2138
	 2136
	 2131
	 2127
	 2126
	 2125
	 2124
	 2123
_出	 2122
	 2118
_	 2116
風	 2105
	 2103
　	 2093
m	 2071
	 2070
	 2069
	 2068
	 2063
	 2063
之	 2062
同	 2060
時	 2058
p	 2041
	 2035
	 2031
嗰	 2031
g	 2028
	 2019
	 2016
	 2014
	 2010
	 2006
間	 2006
	 2002
	 1997
	 1994
	 1992
》	 1991
《	 1991
	 1991
	 1990
南	 1990
	 1987
	 1978
慶	 1970
	 1968
