_	 52063242
	 29563900
	 19895900
_	 10166596
	 7824711
	 7722296
	 7644236
	 6908623
	 6593844
	 6452121
	 6361304
_	 5836088
	 5779629
	 5409841
	 5195392
	 5114121
	 4397449
	 3903976
	 3894983
	 3843367
	 3807175
	 3683097
	 3331343
	 3283177
	 3094119
	 3044648
_	 3029726
	 2938743
	 2893247
	 2878250
	 2644357
	 2504348
_	 2464244
	 2422831
	 2337962
_	 2246217
	 2171962
	 2164340
이	 2164302
.	 1994210
_	 1982281
	 1981817
_	 1980216
	 1962577
	 1941997
_	 1884908
다	 1867125
	 1859897
._	 1828818
	 1792423
	 1787431
	 1736146
	 1729840
	 1706553
	 1679923
	 1633373
	 1619821
의	 1616494
,	 1615052
_	 1608890
_	 1578543
,_	 1573285
	 1552841
에	 1552132
	 1529457
	 1490582
	 1458070
.	 1452483
.	 1447742
다.	 1447561
_	 1430931
의_	 1430745
	 1394661
	 1393705
는	 1393692
._	 1384380
_	 1382086
._	 1380121
다._	 1379957
	 1375918
	 1369123
	 1343775
	 1301170
_	 1299634
는_	 1299621
	 1297009
	 1288405
	 1284987
	 1256625
	 1253092
	 1238441
_	 1205468
	 1205363
	 1203325
	 1187876
_	 1175507
	 1172966
	 1155944
	 1143994
로	 1143858
	 1136027
	 1130125
하	 1110743
	 1097235
	 1096046
	 1092608
	 1085675
	 1079397
	 1069731
)	 1055248
(	 1054867
	 1025301
	 1008775
	 1002463
	 1000024
	 997814
	 984547
	 977992
	 962428
	 960627
을	 958947
	 951642
	 944286
_	 940509
을_	 940477
	 934555
_	 925070
	 924673
	 899314
	 896740
	 896239
	 884336
가	 874568
	 863112
	 857416
	 850876
고	 850828
_	 849199
에_	 849166
	 845705
	 841053
지	 839295
	 836766
	 829666
	 828950
	 820490
	 819915
e	 811808
	 799816
	 795402
_	 794412
로_	 794393
_	 791615
	 785157
	 780983
한	 780699
	 779175
_	 772045
이_	 772032
	 771511
서	 771412
	 757727
	 754784
기	 753966
	 747476
	 743428
_	 732408
	 730010
이	 730010
	 728129
	 717443
	 715979
	 715748
_	 714941
	 712331
은	 711983
	 711441
_	 709951
	 701686
	 694857
사	 690983
_	 686266
a	 682838
	 681598
_	 678422
_이	 676053
_	 675974
은_	 675951
_	 664858
	 652451
	 646626
	 642437
	 641333
	 632011
	 628963
으	 628646
	 619861
으	 619853
	 619315
	 612685
	 608976
다	 608421
대	 607941
	 601665
	 600490
i	 599605
	 594883
	 588448
시	 588343
	 587933
	 586350
리	 586114
를	 586096
_	 586093
n	 584534
_	 579602
를_	 579577
	 578115
	 576483
	 575121
o	 566232
	 558670
	 557396
도	 557208
	 556202
_	 548519
	 547909
)_	 545802
다.	 545046
	 539448
인	 539436
	 538720
	 538572
	 530741
	 524636
_	 523469
t	 520462
	 519839
r	 518504
	 509497
	 506194
_	 505645
_(	 504415
	 502030
_	 502003
_	 495965
고_	 495952
	 490337
	 489906
	 488715
	 488631
로	 484062
	 482934
어	 482721
_	 482164
서_	 482150
	 481031
자	 472773
있	 468169
_	 464229
	 462446
가_	 462441
_	 461037
_	 459937
	 458437
스	 458286
	 457168
수	 457016
_	 456014
한_	 455963
	 455667
	 452170
으	 452170
로	 451934
s	 449757
	 449189
_	 448985
_	 448821
_있	 446735
	 446685
	 445959
	 444747
	 441036
에	 440864
	 440419
-	 435047
	 434328
	 433680
	 433667
	 431624
나	 431559
하	 428944
	 427332
부	 427321
	 427218
	 425904
_	 421421
서	 421103
일	 420998
	 420119
	 419343
에	 419340
	 418774
정	 418741
	 418054
	 416671
서	 416425
아	 415467
	 415089
이	 415089
	 414703
년	 414403
	 413816
_	 413759
	 412011
전	 411920
라	 407925
로_	 403651
	 397589
	 397059
	 395782
	 391699
하	 389487
	 389434
	 388091
그	 386435
	 385887
	 384821
_	 384805
	 383270
되	 382971
_	 381720
과	 378932
_년	 376467
	 370648
	 368847
	 365077
	 363294
l	 362814
	 362213
	 362118
해	 362026
	 359618
제	 359605
	 359121
주	 359091
	 358671
	 351763
	 350456
	 344909
-_	 343338
	 341642
_	 338308
	 334532
	 333790
_	 333721
	 333543
었	 331988
	 331838
	 330904
장	 330891
_사	 329761
_	 328897
_	 327410
서_	 326689
_	 325753
	 325240
국	 325224
	 324503
	 324277
동	 324174
:	 323391
_대	 322830
_-	 322800
_,	 322290
있	 321099
	 320943
_	 319143
_,_	 318479
	 318468
	 318050
_그	 316989
_	 316530
	 312355
_	 311934
_-_	 308674
	 308573
_의	 306978
	 306647
	 306007
들	 305992
	 305970
	 305729
_있	 305455
	 302215
_	 301793
	 301637
성	 300790
	 300561
	 300354
