	 1292409
_	 1027085
	 669949
	 469421
	 454983
	 447105
	 401334
	 388167
	 374587
	 359826
	 327399
	 324803
	 265317
	 259720
	 241544
	 238288
	 236623
	 222209
	 211962
	 199143
	 197772
，	 197770
	 197358
	 187894
	 184339
	 160420
	 158292
	 154644
	 152860
	 152669
	 149788
	 144560
	 139344
	 138793
	 138733
	 135269
	 133054
	 127692
	 123023
	 122466
	 118804
	 117383
	 116631
	 116613
	 116209
	 113353
	 110570
	 110366
	 110111
。	 110108
	 109139
	 108482
	 105700
	 105167
	 102066
	 101532
	 100673
e	 99607
	 99162
	 97788
	 97709
嘅	 97641
	 93511
	 93014
	 92575
	 91597
	 91355
_	 89455
	 89093
	 88238
	 87283
	 85534
a	 84747
	 81885
	 81754
	 77211
	 76748
	 76109
	 74704
i	 73199
	 72883
	 71768
n	 71243
	 71228
	 71172
o	 71158
	 70956
	 69645
	 69355
	 66883
	 66619
t	 63111
	 62774
	 62348
，	 62347
	 61761
r	 60644
	 58929
	 58770
係	 58762
、	 58732
s	 57630
	 57126
_	 56896
	 56398
	 56353
	 54507
	 53770
	 53635
_	 53274
。_	 53274
	 53058
	 52275
	 51974
	 51368
	 50178
	 47862
	 47603
	 47588
	 47047
_	 45138
	 44604
	 44468
一	 44467
	 44188
	 43428
（	 43376
）	 43260
l	 42810
	 41950
	 40864
	 40021
	 39033
同	 38996
，	 37906
	 37906
	 37238
年	 37234
	 36677
	 36162
	 35913
人	 35891
	 35365
有	 35293
	 34149
	 33820
h	 33230
	 32585
	 32282
u	 31794
	 31348
	 30953
	 30778
	 30681
，	 30681
_	 30519
	 30504
c	 30473
	 29927
d	 28242
	 28139
	 28102
	 28078
大	 28071
_	 28031
：	 28019
	 27796
	 27459
_	 27387
_	 27190
	 27039
_	 27002
	 26854
喺	 26851
個	 26066
	 25860
	 25740
	 25612
_	 25587
	 25554
	 25281
	 25264
	 25235
-	 25144
	 24659
m	 24632
	 24468
_年	 24347
	 24189
	 24064
	 23886
	 23761
	 23602
	 23593
中	 23452
	 23421
	 23385
	 23376
.	 23357
	 23297
	 23234
	 23141
嘅	 23125
	 23121
	 22583
	 22468
	 22418
	 22334
	 22228
	 22040
	 22026
	 21971
	 21959
_	 21850
	 21484
	 21473
p	 21442
	 21440
g	 21432
	 21431
出	 21400
	 21243
國	 21213
	 21168
	 21041
	 20999
以	 20995
	 20924
	 20924
e_	 20896
	 20512
	 20330
	 20292
	 20132
為	 20123
	 20102
	 19964
	 19934
	 19886
	 19800
	 19750
	 19739
	 19693
	 19550
	 19439
	 19350
會	 19326
，	 19238
	 19238
	 19017
	 19005
	 19004
	 19002
	 18968
	 18735
	 18675
	 18639
	 18575
	 18524
	 18473
	 18386
	 18350
	 18341
。	 18340
	 18310
	 18225
_	 18215
	 18210
	 18095
	 17951
佢	 17919
	 17774
	 17679
係	 17678
_	 17642
，	 17604
	 17604
）_	 17598
	 17553
s_	 17471
	 17220
	 17114
	 17069
一	 17069
,	 17026
	 17026
同	 17018
	 16938
	 16859
	 16843
	 16678
-_	 16671
時	 16646
	 16633
」	 16582
「	 16573
日	 16511
	 16439
	 16434
y	 16318
	 16276
	 16048
之	 16041
	 16026
	 15968
	 15951
	 15946
	 15945
嘅	 15943
_	 15891
》	 15850
	 15846
《	 15844
成	 15818
	 15787
	 15774
	 15763
	 15748
	 15745
地	 15743
	 15704
	 15691
嘅	 15690
	 15689
	 15654
	 15653
	 15602
，	 15578
	 15578
、	 15578
	 15578
_-	 15523
到	 15487
	 15380
	 15361
	 15316
、	 15290
	 15097
	 15055
	 15042
	 15041
咗	 15040
	 14947
呢	 14940
	 14918
	 14869
	 14863
都	 14808
	 14728
	 14697
er	 14688
in	 14687
an	 14659
	 14658
	 14606
	 14578
	 14484
	 14448
S	 14446
	 14387
_-_	 14308
	 14293
	 14278
b	 14273
	 14268
後	 14255
	 14229
唔	 14220
_	 14191
	 14187
_	 14175
	 14161
	 14138
月	 14128
	 14121
	 14056
	 14044
	 14043
	 14031
	 13998
	 13984
	 13972
上	 13943
C	 13905
面	 13887
	 13887
	 13823
	 13822
響	 13817
	 13795
港	 13789
	 13787
	 13756
	 13745
	 13714
on	 13708
	 13680
	 13651
	 13649
._	 13611
