	 219096
	 136762
	 114377
	 113427
	 109333
	 108911
	 97577
	 96629
	 94148
	 92817
	 84803
，	 84803
_	 79086
	 73285
	 72794
	 70438
	 60953
	 56895
	 51933
	 48469
	 47310
	 43331
。	 43328
	 42550
	 40597
	 38057
	 33909
	 33314
	 33146
	 32448
	 32020
	 31791
	 31518
	 30752
	 30705
	 29842
	 29530
	 27822
	 27812
	 26713
	 25448
，	 24704
	 24704
	 24224
	 22552
	 22541
	 22132
	 21820
	 21656
	 21107
	 20759
	 20747
	 20029
	 19939
	 19938
	 19678
	 19208
	 19011
	 18885
	 18845
	 18497
	 18355
	 18163
	 17962
	 17942
之	 17937
	 17736
	 17713
	 17544
	 16717
	 16673
	 16627
	 16250
，	 16250
	 16239
	 15961
	 15856
	 15823
	 15673
	 14828
	 14669
	 14438
	 14360
	 14285
	 13952
	 13951
	 13936
	 13226
，	 12953
	 12953
	 12907
	 12728
	 12130
	 11901
	 11896
_	 11832
	 11818
	 11782
	 11706
，	 11606
	 11606
	 11560
。_	 11530
_	 11530
、	 11420
	 11359
	 11278
	 10958
，	 10784
	 10784
	 10183
	 10172
_	 9923
	 9892
	 9854
。	 9533
	 9533
	 9529
	 9485
	 9407
	 9399
	 9363
為	 9346
	 9293
	 9271
	 9001
	 8771
	 8734
以	 8731
	 8631
	 8385
	 8180
	 8139
	 7896
	 7778
	 7617
	 7236
，	 7114
	 7114
	 7040
	 7008
	 6798
其	 6628
，	 6444
	 6345
	 6343
	 6321
	 6311
不	 6306
也	 6302
	 6291
。	 6290
	 6168
年	 6158
	 6061
	 5971
_	 5908
十	 5878
	 5878
	 5797
	 5769
	 5746
	 5739
	 5705
於	 5688
	 5612
	 5574
	 5549
人	 5541
	 5536
有	 5497
曰	 5463
	 5458
	 5280
一	 5280
	 5262
	 5191
者	 5184
	 5137
	 5135
	 5110
。	 5095
	 5045
	 5034
	 5014
而	 4997
	 4831
	 4804
	 4765
	 4760
	 4751
	 4709
	 4688
	 4681
	 4673
三	 4670
二	 4660
	 4653
國	 4641
	 4635
	 4566
	 4542
	 4530
	 4484
子	 4462
	 4425
「	 4402
」	 4395
	 4350
	 4348
	 4322
	 4322
也	 4316
也	 4316
	 4315
	 4303
大	 4303
。	 4275
	 4262
	 4259
	 4239
	 4232
	 4220
	 4213
	 4150
	 4103
	 4089
	 4070
之	 4069
	 4058
	 4057
	 4032
。	 4024
	 4018
》	 4018
《	 4018
	 4014
	 3958
	 3909
：	 3903
	 3895
	 3885
	 3843
	 3796
	 3794
	 3788
	 3727
	 3712
	 3651
。	 3651
	 3629
	 3624
，	 3611
	 3611
	 3591
	 3588
	 3585
	 3575
	 3554
，	 3479
	 3445
。	 3444
	 3434
	 3428
	 3410
	 3390
，	 3378
	 3378
	 3374
	 3365
	 3342
	 3332
	 3329
	 3318
	 3317
	 3313
中	 3281
	 3279
	 3275
	 3275
	 3229
	 3209
	 3196
	 3191
	 3179
_	 3176
	 3172
	 3169
。	 3169
	 3167
	 3146
	 3137
，	 3126
	 3114
	 3112
	 3081
	 3081
曰	 3077
	 3054
	 3022
	 3014
	 3011
	 3008
王	 3007
_	 2988
	 2984
	 2984
	 2984
	 2974
	 2965
、	 2958
、	 2958
a	 2951
	 2923
	 2918
	 2907
	 2901
十	 2897
	 2897
	 2893
之	 2892
	 2892
	 2891
所	 2887
	 2886
之	 2886
軍	 2885
	 2876
	 2870
	 2867
，	 2844
	 2835
	 2829
	 2825
	 2821
	 2821
至	 2821
	 2820
_	 2811
	 2808
	 2804
	 2784
	 2769
	 2759
後	 2755
五	 2751
四	 2735
，	 2731
與	 2729
	 2714
	 2679
曰	 2679
	 2668
者	 2668
	 2667
者	 2667
	 2659
	 2656
	 2654
	 2649
	 2649
	 2647
	 2642
	 2640
時	 2637
	 2633
	 2625
	 2622
為	 2614
	 2614
	 2612
	 2609
自	 2608
	 2605
	 2601
：	 2598
	 2592
	 2584
之	 2584
	 2583
：	 2580
，	 2573
日	 2571
	 2569
以	 2566
	 2553
	 2552
	 2551
	 2550
。	 2549
	 2548
。	 2547
	 2547
	 2542
	 2539
	 2534
	 2529
	 2521
	 2521
	 2517
