	 5146433
	 3940606
	 3940395
	 1395756
	 1205441
_	 845860
	 565314
	 479127
	 476649
	 464430
្	 444394
	 444394
	 444384
្	 444384
	 444363
្	 444363
	 438385
	 423178
	 423094
ា	 423094
	 379496
ា	 379496
	 379496
	 369210
	 359407
	 345867
ា	 345867
	 345867
	 324277
	 323782
​	 321633
	 321633
	 312758
ន	 312362
	 312362
	 295011
​	 295011
​	 288232
	 288232
	 283809
	 283605
រ	 283605
_	 282180
	 272777
	 272660
ន	 272660
	 256409
	 256401
រ	 256401
_	 250878
	 244795
	 241344
	 225490
ក	 225490
	 216214
	 213719
	 213713
រ	 213713
ប	 202524
	 202524
	 201049
ក	 201049
	 198239
ប	 196634
	 196634
	 190245
ស	 190245
	 184841
	 181768
	 181659
ម	 181659
	 178461
ស	 178157
	 178157
	 178157
ង	 172881
	 172881
	 172509
	 172408
ន	 172408
ត	 168952
	 168952
	 166322
ម	 166316
	 166316
	 155828
	 150070
ត	 150070
	 140992
	 138117
	 137783
ល	 137783
	 134374
រ	 132491
	 132405
រ	 131893
	 130148
រ	 128441
	 124438
	 123698
	 122754
ង	 117856
	 117856
	 117658
ល	 117607
	 117607
	 116339
ម	 116333
	 116333
	 116298
	 116161
	 115873
	 115824
ិ	 115590
	 115590
	 115234
យ	 115234
	 115059
ក	 115059
	 114707
ប	 114707
	 113979
	 112884
	 112790
ទ	 112788
	 111795
	 109650
ទ	 109646
	 109646
	 108904
	 108722
ិ	 108720
	 108720
់	 107946
	 107946
	 106752
ិ	 106750
	 106750
	 103300
	 102309
	 101366
	 100268
ន	 100252
	 100252
ំ	 97600
	 97600
	 97346
	 96108
	 95361
ុ	 94444
	 94444
	 93812
ដ	 93812
	 93165
ដ	 93165
ច	 92638
	 92638
	 92455
ុ	 92123
	 92123
	 91776
ព	 91635
	 91635
	 90669
	 90669
ស	 90669
ស	 87488
	 87488
	 87488
	 87260
ព	 87198
	 87198
	 86066
	 85990
ក	 85990
	 83435
ំ	 83435
ច	 83185
	 83185
	 82633
ជ	 82633
	 82226
	 82015
	 82012
យ	 82012
	 81940
ប	 81927
	 81927
	 81318
ជ	 81318
	 81015
េ	 81015
	 80546
ំ	 80546
	 80470
ង	 80470
	 80410
	 78808
	 77923
	 77921
ល	 77921
	 77020
ត	 76993
	 76993
	 76273
	 76188
ុ	 76188
	 75199
ី	 74760
	 74760
	 74719
េ	 74719
	 74243
	 73619
	 73077
ត	 73077
	 72909
វ	 72836
	 72836
	 71669
ើ	 71552
	 71552
	 70306
ជ	 70175
	 70175
ន	 68764
ន	 68764
	 68611
	 68608
យ	 68608
ោ	 68063
	 68063
	 67113
គ	 67113
ោ	 66985
	 66985
	 66694
់	 66694
	 65482
	 65136
វ	 65136
	 64967
ែ	 64967
	 64584
ូ	 64249
	 64249
ើ	 64160
	 64160
	 64160
អ	 63879
	 63879
់	 63779
	 63779
	 63763
	 63763
ើ	 63763
	 63589
គ	 63589
	 63061
អ	 63061
	 61946
ូ	 61945
	 61945
ូ	 61812
	 61812
	 61812
	 60403
	 59165
ែ	 59165
	 58894
វ	 58565
	 58565
ែ	 58141
	 58141
េ	 58072
	 58072
	 57902
ះ	 57902
	 55182
ទ	 55181
	 55181
	 54466
	 54465
ទ	 54465
	 54403
	 51980
	 51900
ី	 51899
	 51899
	 51707
	 51644
	 51601
ព	 51601
	 51412
ដ	 51412
្	 51248
្	 51248
្	 51183
ន	 50915
ន	 50408
	 49983
ម	 49983
	 49983
ន	 49797
	 49386
ា	 48079
ា	 48079
ន	 48003
	 47981
ច	 47981
	 47440
ី	 47440
	 47440
	 47168
	 47119
	 45470
	 44906
្	 44700
្	 44700
្	 44698
	 43968
ោ	 43968
	 43172
a	 42693
	 42689
	 42688
រ	 42688
អ	 42217
	 42217
រ	 41947
រ	 41947
	 41753
ដ	 41753
	 41687
។	 41687
ៅ	 41571
	 41571
	 41529
ខ	 41529
_	 41115
	 41110
្	 41008
្	 41008
្	 41008
ណ	 40795
	 40795
	 39735
	 39729
ល	 39686
	 39686
	 39245
ខ	 39245
	 39137
	 39015
ួ	 39015
	 39014
។_	 38969
_	 38969
	 38829
ណ	 38829
	 38729
	 38728
ួ	 38728
	 38713
ួ	 38713
	 38713
e	 37789
ា	 37687
ា	 37687
ា	 37510
	 37386
ង	 37386
្	 37295
្	 37295
្	 37293
ា	 36822
ា	 36822
ា	 36291
ា	 36096
	 35995
ហ	 35878
	 35878
ហ	 35704
	 35704
	 35616
ព	 35597
	 35597
ច	 35204
	 35204
	 35049
ញ	 35049
ះ	 34843
	 34843
	 34555
ធ	 34555
	 34372
ា	 34253
ា	 34253
ប	 34243
ប	 34217
